0                         1.3048377129062538E-7
0.06283185307179587       1.3031260826592665E-7
0.12566370614359174       1.2980065947341375E-7
0.18849555921538758       1.2895257049345228E-7
0.25132741228718347       1.27776152876604E-7
0.3141592653589793        1.2628244339921834E-7
0.37699111843077515       1.2448570979790527E-7
0.43982297150257105       1.224033490123355E-7
0.5026548245743669        1.2005563591921966E-7
0.5654866776461628        1.1746530402648139E-7
0.6283185307179586        1.1465696953395534E-7
0.6911503837897545        1.1165643982575488E-7
0.7539822368615503        1.0848997010428501E-7
0.8168140899333463        1.0518354247356449E-7
0.8796459430051421        1.0176223826788457E-7
0.9424777960769378        9.82497581406611E-8
1.0053096491487339        9.466811958359679E-8
1.0681415022205298        9.103753391201171E-8
1.1309733552923256        8.73764400670377E-8
1.1938052083641213        8.370165516533579E-8
1.2566370614359172        8.002859367801627E-8
1.3194689145077132        7.637150826662684E-8
1.382300767579509         7.274371369289027E-8
1.4451326206513047        6.915776791459995E-8
1.5079644737231006        6.562559836109845E-8
1.5707963267948966        6.215857375633388E-8
1.6336281798666925        5.876753084051117E-8
1.6964600329384882        5.546277001625366E-8
1.7592918860102842        5.225403435514984E-8
1.8221237390820801        4.915048339850829E-8
1.8849555921538756        4.6160668160220165E-8
1.9477874452256716        4.3292508256221476E-8
2.0106192982974678        4.055326753400775E-8
2.0734511513692637        3.7949521932143276E-8
2.1362830044410597        3.548711308117218E-8
2.199114857512855         3.3171083550524845E-8
2.261946710584651         3.100559464880092E-8
2.324778563656447         2.8993835046115778E-8
2.3876104167282426        2.713793732628222E-8
2.4504422698000385        2.5438927842430978E-8
2.5132741228718345        2.3896739517943242E-8
2.57610597594363          2.2510313464853635E-8
2.6389378290154264        2.1277800787232394E-8
2.701769682087222         2.0196851836501212E-8
2.764601535159018         1.9264952880089585E-8
2.827433388230814         1.847974995721659E-8
2.8902652413026093        1.783929657453355E-8
2.9530970943744057        1.7342180086575044E-8
3.015928947446201         1.698751653223282E-8
3.078760800517997         1.6774843232497626E-8
3.141592653589793         1.670396806549818E-8
3.204424506661589         1.6774843232497636E-8
3.267256359733385         1.6987516532232806E-8
3.330088212805181         1.7342180086575028E-8
3.3929200658769765        1.7839296574533568E-8
3.4557519189487724        1.8479749957216604E-8
3.5185837720205684        1.926495288008961E-8
3.581415625092364         2.0196851836501162E-8
3.6442474781641603        2.1277800787232454E-8
3.707079331235956         2.2510313464853595E-8
3.7699111843077513        2.389673951794331E-8
3.8327430373795477        2.5438927842430958E-8
3.895574890451343         2.713793732628228E-8
3.9584067435231396        2.8993835046115734E-8
4.0212385965949355        3.1005594648800936E-8
4.084070449666731         3.3171083550524865E-8
4.1469023027385274        3.548711308117218E-8
4.209734155810323         3.794952193214329E-8
4.272566008882119         4.055326753400782E-8
4.335397861953915         4.3292508256221595E-8
4.39822971502571          4.6160668160220106E-8
4.461061568097507         4.915048339850825E-8
4.523893421169302         5.225403435514992E-8
4.586725274241098         5.5462770016253554E-8
4.649557127312894         5.876753084051123E-8
4.71238898038469          6.215857375633374E-8
4.775220833456485         6.562559836109858E-8
4.838052686528282         6.915776791459994E-8
4.900884539600077         7.274371369289034E-8
4.9637163926718735        7.637150826662671E-8
5.026548245743669         8.002859367801634E-8
5.0893800988154645        8.370165516533579E-8
5.15221195188726          8.737644006703756E-8
5.215043804959057         9.103753391201186E-8
5.277875658030853         9.466811958359677E-8
5.340707511102648         9.824975814066112E-8
5.403539364174444         1.0176223826788461E-7
5.466371217246239         1.0518354247356462E-7
5.529203070318036         1.0848997010428507E-7
5.592034923389832         1.1165643982575495E-7
5.654866776461628         1.1465696953395542E-7
5.717698629533423         1.1746530402648139E-7
5.780530482605219         1.200556359192198E-7
5.843362335677015         1.2240334901233548E-7
5.906194188748811         1.244857097979054E-7
5.969026041820607         1.262824433992185E-7
6.031857894892402         1.277761528766039E-7
6.094689747964199         1.2895257049345242E-7
6.157521601035994         1.2980065947341377E-7
6.220353454107791         1.3031260826592683E-7
6.283185307179586         1.3048377129062535E-7
