0                         1.4293353507422886E-6
0.06283185307179587       1.417958509086758E-6
0.12566370614359174       1.384240175393385E-6
0.18849555921538758       1.329394674366815E-6
0.25132741228718347       1.2553733591983814E-6
0.3141592653589793        1.1647614326619883E-6
0.37699111843077515       1.0606442023033501E-6
0.43982297150257105       9.4645239063965E-7
0.5026548245743669        8.257975387226812E-7
0.5654866776461628        7.023093818010409E-7
0.6283185307179586        5.794878787355089E-7
0.6911503837897545        4.605850760461313E-7
0.7539822368615503        3.4854232014366724E-7
0.8168140899333463        2.4605319765925264E-7
0.8796459430051421        1.560547061493561E-7
0.9424777960769378        8.457856852149574E-8
1.0053096491487339        5.624412915729532E-8
1.0681415022205298        8.471254828636718E-8
1.1309733552923256        1.2221627321900103E-7
1.1938052083641213        1.5267258628012278E-7
1.2566370614359172        1.7397229779736512E-7
1.3194689145077132        1.8643371490414005E-7
1.382300767579509         1.9104006348310922E-7
1.4451326206513047        1.8901768364730742E-7
1.5079644737231006        1.816740214508646E-7
1.5707963267948966        1.7031226809826076E-7
1.6336281798666925        1.561798394233562E-7
1.6964600329384882        1.4043822915073778E-7
1.7592918860102842        1.2414975746014626E-7
1.8221237390820801        1.0827824507868108E-7
1.8849555921538756        9.36978404839899E-8
1.9477874452256716        8.119474545682188E-8
2.0106192982974678        7.142907748985838E-8
2.0734511513692637        6.481746074201963E-8
2.1362830044410597        6.136051734210636E-8
2.199114857512855         6.057397229805924E-8
2.261946710584651         6.166239026161122E-8
2.324778563656447         6.381471240890103E-8
2.3876104167282426        6.639888620152662E-8
2.4504422698000385        6.900291241626421E-8
2.5132741228718345        7.139485791763203E-8
2.57610597594363          7.346669646670843E-8
2.6389378290154264        7.51876623107608E-8
2.701769682087222         7.65712116452007E-8
2.764601535159018         7.765308456899498E-8
2.827433388230814         7.847725404918717E-8
2.8902652413026093        7.908728252987001E-8
2.9530970943744057        7.952136905807113E-8
3.015928947446201         7.980987848838005E-8
3.078760800517997         7.997443923005738E-8
3.141592653589793         8.002787996030402E-8
3.204424506661589         7.997443923005746E-8
3.267256359733385         7.980987848837992E-8
3.330088212805181         7.9521369058071E-8
3.3929200658769765        7.908728252986996E-8
3.4557519189487724        7.847725404918723E-8
3.5185837720205684        7.765308456899498E-8
3.581415625092364         7.657121164520067E-8
3.6442474781641603        7.518766231076063E-8
3.707079331235956         7.346669646670854E-8
3.7699111843077513        7.139485791763217E-8
3.8327430373795477        6.90029124162642E-8
3.895574890451343         6.63988862015267E-8
3.9584067435231396        6.381471240890087E-8
4.0212385965949355        6.166239026161125E-8
4.084070449666731         6.05739722980591E-8
4.1469023027385274        6.136051734210624E-8
4.209734155810323         6.48174607420195E-8
4.272566008882119         7.142907748985837E-8
4.335397861953915         8.119474545682182E-8
4.39822971502571          9.369784048398971E-8
4.461061568097507         1.0827824507868155E-7
4.523893421169302         1.2414975746014663E-7
4.586725274241098         1.4043822915073797E-7
4.649557127312894         1.5617983942335587E-7
4.71238898038469          1.7031226809826068E-7
4.775220833456485         1.816740214508644E-7
4.838052686528282         1.890176836473078E-7
4.900884539600077         1.910400634831091E-7
4.9637163926718735        1.8643371490413997E-7
5.026548245743669         1.7397229779736538E-7
5.0893800988154645        1.526725862801231E-7
5.15221195188726          1.2221627321900127E-7
5.215043804959057         8.471254828636695E-8
5.277875658030853         5.6244129157295E-8
5.340707511102648         8.457856852149557E-8
5.403539364174444         1.560547061493554E-7
5.466371217246239         2.4605319765925147E-7
5.529203070318036         3.485423201436652E-7
5.592034923389832         4.605850760461299E-7
5.654866776461628         5.794878787355083E-7
5.717698629533423         7.023093818010406E-7
5.780530482605219         8.257975387226812E-7
5.843362335677015         9.464523906396492E-7
5.906194188748811         1.0606442023033495E-6
5.969026041820607         1.1647614326619896E-6
6.031857894892402         1.255373359198381E-6
6.094689747964199         1.3293946743668124E-6
6.157521601035994         1.38424017539338E-6
6.220353454107791         1.4179585090867529E-6
6.283185307179586         1.4293353507422888E-6
