0                         9.705324952420995E-7
0.06283185307179587       9.607687831527341E-7
0.12566370614359174       9.318952341484688E-7
0.18849555921538758       8.851388057904843E-7
0.25132741228718347       8.224604606254778E-7
0.3141592653589793        7.464361900695798E-7
0.37699111843077515       6.601037249318813E-7
0.43982297150257105       5.667867148063203E-7
0.5026548245743669        4.699095626072177E-7
0.5654866776461628        3.728163164295309E-7
0.6283185307179586        2.786060684753982E-7
0.6911503837897545        1.8999536919726544E-7
0.7539822368615503        1.0921585938949989E-7
0.8168140899333463        3.796044294512563E-8
0.8796459430051421        2.2795662213836296E-8
0.9424777960769378        7.227671261200302E-8
1.0053096491487339        1.1062453661744263E-7
1.0681415022205298        1.3824675698516334E-7
1.1309733552923256        1.5594481941851164E-7
1.1938052083641213        1.647970739936674E-7
1.2566370614359172        1.660633201551982E-7
1.3194689145077132        1.6109603237906991E-7
1.382300767579509         1.5126199003128022E-7
1.4451326206513047        1.378771821424238E-7
1.5079644737231006        1.2215636593320674E-7
1.5707963267948966        1.051773256529138E-7
1.6336281798666925        8.785886834648239E-8
1.6964600329384882        7.095095118167424E-8
1.7592918860102842        5.503506583583682E-8
1.8221237390820801        4.053316478957489E-8
1.8849555921538756        2.7724480274771894E-8
1.9477874452256716        1.6775017476714145E-8
2.0106192982974678        7.832773219886552E-9
2.0734511513692637        2.5618962699209213E-9
2.1362830044410597        6.231522345973446E-9
2.199114857512855         1.0200273536556033E-8
2.261946710584651         1.3003915172037659E-8
2.324778563656447         1.473732530716601E-8
2.3876104167282426        1.5581450820735622E-8
2.4504422698000385        1.572295328265113E-8
2.5132741228718345        1.5336864631539897E-8
2.57610597594363          1.4580190079937012E-8
2.6389378290154264        1.3589596508200081E-8
2.701769682087222         1.24812677632982E-8
2.764601535159018         1.135194321798416E-8
2.827433388230814         1.0280462732241572E-8
2.8902652413026093        9.32935973958106E-9
2.9530970943744057        8.546294199157788E-9
3.015928947446201         7.965405068198456E-9
3.078760800517997         7.608863024641452E-9
3.141592653589793         7.488756346623397E-9
3.204424506661589         7.608863024641467E-9
3.267256359733385         7.965405068198446E-9
3.330088212805181         8.54629419915784E-9
3.3929200658769765        9.32935973958103E-9
3.4557519189487724        1.0280462732241529E-8
3.5185837720205684        1.1351943217984147E-8
3.581415625092364         1.2481267763298137E-8
3.6442474781641603        1.3589596508200085E-8
3.707079331235956         1.4580190079937014E-8
3.7699111843077513        1.533686463153985E-8
3.8327430373795477        1.5722953282651115E-8
3.895574890451343         1.5581450820735658E-8
3.9584067435231396        1.4737325307165973E-8
4.0212385965949355        1.3003915172037723E-8
4.084070449666731         1.0200273536556077E-8
4.1469023027385274        6.231522345973385E-9
4.209734155810323         2.5618962699208216E-9
4.272566008882119         7.832773219886514E-9
4.335397861953915         1.677501747671419E-8
4.39822971502571          2.7724480274771762E-8
4.461061568097507         4.053316478957515E-8
4.523893421169302         5.5035065835837E-8
4.586725274241098         7.095095118167427E-8
4.649557127312894         8.785886834648209E-8
4.71238898038469          1.051773256529135E-7
4.775220833456485         1.2215636593320653E-7
4.838052686528282         1.3787718214242378E-7
4.900884539600077         1.5126199003128046E-7
4.9637163926718735        1.610960323790703E-7
5.026548245743669         1.6606332015519808E-7
5.0893800988154645        1.647970739936675E-7
5.15221195188726          1.5594481941851203E-7
5.215043804959057         1.3824675698516342E-7
5.277875658030853         1.1062453661744317E-7
5.340707511102648         7.227671261200323E-8
5.403539364174444         2.2795662213836693E-8
5.466371217246239         3.796044294512507E-8
5.529203070318036         1.0921585938949925E-7
5.592034923389832         1.8999536919726573E-7
5.654866776461628         2.7860606847539783E-7
5.717698629533423         3.728163164295288E-7
5.780530482605219         4.6990956260721696E-7
5.843362335677015         5.667867148063191E-7
5.906194188748811         6.6010372493188E-7
5.969026041820607         7.464361900695803E-7
6.031857894892402         8.224604606254761E-7
6.094689747964199         8.851388057904867E-7
6.157521601035994         9.318952341484682E-7
6.220353454107791         9.60768783152734E-7
6.283185307179586         9.705324952420997E-7
