0                         1.1634726671858054E-6
0.06283185307179587       1.1530161387024384E-6
0.12566370614359174       1.1220498838721915E-6
0.18849555921538758       1.071760868537417E-6
0.25132741228718347       1.00405237291306E-6
0.3141592653589793        9.214374781510339E-7
0.37699111843077515       8.269013210947537E-7
0.43982297150257105       7.237421949279009E-7
0.5026548245743669        6.15402790748866E-7
0.5654866776461628        5.053031682608432E-7
0.6283185307179586        3.9668660425104966E-7
0.6911503837897545        2.9248908031090137E-7
0.7539822368615503        1.952466697708442E-7
0.8168140899333463        1.0709441427151711E-7
0.8796459430051421        3.0808205096178695E-8
0.9424777960769378        4.0345925042098115E-8
1.0053096491487339        9.434047041877613E-8
1.0681415022205298        1.3753848638441972E-7
1.1309733552923256        1.6973056261792276E-7
1.1938052083641213        1.916414978898867E-7
1.2566370614359172        2.043137735943606E-7
1.3194689145077132        2.0897326954057007E-7
1.382300767579509         2.0693915317348312E-7
1.4451326206513047        1.995494352204148E-7
1.5079644737231006        1.8809939626469513E-7
1.5707963267948966        1.737930835741296E-7
1.6336281798666925        1.5770801998012672E-7
1.6964600329384882        1.4077270373581426E-7
1.7592918860102842        1.2375589547456474E-7
1.8221237390820801        1.0726619133011793E-7
1.8849555921538756        9.175999188866678E-8
1.9477874452256716        7.755570505879122E-8
2.0106192982974678        6.485188119639291E-8
2.0734511513692637        5.3746982479291885E-8
2.1362830044410597        4.4258637074506784E-8
2.199114857512855         3.634053518920855E-8
2.261946710584651         2.989569656861011E-8
2.324778563656447         2.4785983760168844E-8
2.3876104167282426        2.0839780389030076E-8
2.4504422698000385        1.7862069359607295E-8
2.5132741228718345        1.565102921861509E-8
2.57610597594363          1.4020120358537065E-8
2.6389378290154264        1.281768745981173E-8
2.701769682087222         1.193516491103767E-8
2.764601535159018         1.1301561554625415E-8
2.827433388230814         1.0869275796735872E-8
2.8902652413026093        1.0599224915899495E-8
2.9530970943744057        1.0451760123519552E-8
3.015928947446201         1.0385736804699092E-8
3.078760800517997         1.0363781097907356E-8
3.141592653589793         1.0359615568102901E-8
3.204424506661589         1.0363781097907331E-8
3.267256359733385         1.0385736804699079E-8
3.330088212805181         1.0451760123519588E-8
3.3929200658769765        1.0599224915899558E-8
3.4557519189487724        1.0869275796735864E-8
3.5185837720205684        1.1301561554625395E-8
3.581415625092364         1.1935164911037654E-8
3.6442474781641603        1.2817687459811747E-8
3.707079331235956         1.402012035853709E-8
3.7699111843077513        1.5651029218615063E-8
3.8327430373795477        1.7862069359607312E-8
3.895574890451343         2.083978038903001E-8
3.9584067435231396        2.4785983760168718E-8
4.0212385965949355        2.989569656861016E-8
4.084070449666731         3.6340535189208534E-8
4.1469023027385274        4.42586370745068E-8
4.209734155810323         5.374698247929174E-8
4.272566008882119         6.485188119639307E-8
4.335397861953915         7.755570505879118E-8
4.39822971502571          9.175999188866705E-8
4.461061568097507         1.0726619133011764E-7
4.523893421169302         1.2375589547456456E-7
4.586725274241098         1.4077270373581378E-7
4.649557127312894         1.5770801998012574E-7
4.71238898038469          1.7379308357413006E-7
4.775220833456485         1.880993962646941E-7
4.838052686528282         1.9954943522041486E-7
4.900884539600077         2.0693915317348354E-7
4.9637163926718735        2.0897326954057026E-7
5.026548245743669         2.0431377359436004E-7
5.0893800988154645        1.916414978898871E-7
5.15221195188726          1.6973056261792316E-7
5.215043804959057         1.3753848638441877E-7
5.277875658030853         9.434047041877588E-8
5.340707511102648         4.0345925042097804E-8
5.403539364174444         3.080820509617759E-8
5.466371217246239         1.0709441427151538E-7
5.529203070318036         1.9524666977084344E-7
5.592034923389832         2.924890803109014E-7
5.654866776461628         3.9668660425104887E-7
5.717698629533423         5.05303168260845E-7
5.780530482605219         6.154027907488626E-7
5.843362335677015         7.237421949278998E-7
5.906194188748811         8.269013210947557E-7
5.969026041820607         9.214374781510341E-7
6.031857894892402         1.0040523729130582E-6
6.094689747964199         1.071760868537417E-6
6.157521601035994         1.1220498838721886E-6
6.220353454107791         1.1530161387024397E-6
6.283185307179586         1.1634726671858054E-6
